Train
Precision:	0.5428571428571428
Recall:	0.10982658959537572
F1-score:	0.1826923076923077