Train
Precision:	0.5882352941176471
Recall:	0.6976744186046512
F1-score:	0.6382978723404256